Solucao
Valor objetivo =
1.000000
Interações =
34
Numero de nos =
0
X1=-0.000000
X2=1.000000
X3=-0.000000
X4=0.000000
X5=0.000000
X6=0.000000
X7=0.000000
X8=-0.000000
X9=0.000000
X10=-0.000000
Y1=0.000000
Y2=1.000000
Y3=1.000000
Y4=1.000000
Y5=1.000000
Y6=-0.000000
Y7=1.000000
Y8=-0.000000
Y9=0.000000
Y10=-0.000000

tempo em segundos: 0.004565
