Solucao
Valor objetivo =
16.000000
Interações =
48
Numero de nos =
0
X1=1.000000
X2=0.000000
X3=1.000000
X4=1.000000
X5=1.000000
X6=1.000000
X7=0.000000
X8=1.000000
X9=0.000000
X10=1.000000
X11=1.000000
X12=1.000000
X13=1.000000
X14=1.000000
X15=0.000000
X16=1.000000
X17=1.000000
X18=1.000000
X19=1.000000
X20=1.000000
Y1=0.000000
Y2=-0.000000
Y3=-0.000000
Y4=1.000000
Y5=0.000000
Y6=0.000000
Y7=1.000000
Y8=0.000000
Y9=1.000000
Y10=0.000000
Y11=0.000000
Y12=0.000000
Y13=0.000000
Y14=0.000000
Y15=1.000000
Y16=0.000000
Y17=1.000000
Y18=-0.000000
Y19=0.000000
Y20=0.000000

tempo em segundos: 0.002296
