Solucao
Valor objetivo =
3.000000
Interações =
339
Numero de nos =
0
X1=-0.000000
X2=-0.000000
X3=-0.000000
X4=0.000000
X5=-0.000000
X6=-0.000000
X7=-0.000000
X8=-0.000000
X9=0.000000
X10=-0.000000
X11=-0.000000
X12=-0.000000
X13=-0.000000
X14=0.000000
X15=-0.000000
X16=1.000000
X17=-0.000000
X18=-0.000000
X19=1.000000
X20=1.000000
X21=0.000000
X22=-0.000000
X23=0.000000
X24=0.000000
X25=-0.000000
Y1=1.000000
Y2=-0.000000
Y3=-0.000000
Y4=-0.000000
Y5=1.000000
Y6=-0.000000
Y7=-0.000000
Y8=1.000000
Y9=-0.000000
Y10=1.000000
Y11=-0.000000
Y12=-0.000000
Y13=0.000000
Y14=-0.000000
Y15=-0.000000
Y16=-0.000000
Y17=-0.000000
Y18=-0.000000
Y19=1.000000
Y20=1.000000
Y21=-0.000000
Y22=1.000000
Y23=-0.000000
Y24=-0.000000
Y25=-0.000000

tempo em segundos: 0.119471
