Solucao
Valor objetivo =
3.000000
Interações =
58120
Numero de nos =
761
X1=0.000000
X2=0.000000
X3=0.000000
X4=0.000000
X5=0.000000
X6=0.000000
X7=0.000000
X8=-0.000000
X9=0.000000
X10=0.000000
X11=0.000000
X12=1.000000
X13=0.000000
X14=0.000000
X15=0.000000
X16=0.000000
X17=0.000000
X18=0.000000
X19=0.000000
X20=0.000000
X21=0.000000
X22=-0.000000
X23=0.000000
X24=1.000000
X25=0.000000
X26=0.000000
X27=0.000000
X28=0.000000
X29=-0.000000
X30=0.000000
X31=0.000000
X32=0.000000
X33=0.000000
X34=0.000000
X35=0.000000
X36=0.000000
X37=0.000000
X38=0.000000
X39=0.000000
X40=0.000000
X41=0.000000
X42=0.000000
X43=0.000000
X44=0.000000
X45=0.000000
X46=0.000000
X47=0.000000
X48=1.000000
X49=0.000000
X50=0.000000
X51=0.000000
X52=0.000000
X53=0.000000
X54=-0.000000
X55=0.000000
Y1=0.000000
Y2=0.000000
Y3=0.000000
Y4=-0.000000
Y5=-0.000000
Y6=1.000000
Y7=1.000000
Y8=0.000000
Y9=-0.000000
Y10=1.000000
Y11=-0.000000
Y12=1.000000
Y13=1.000000
Y14=0.000000
Y15=-0.000000
Y16=1.000000
Y17=0.000000
Y18=1.000000
Y19=-0.000000
Y20=0.000000
Y21=0.000000
Y22=0.000000
Y23=0.000000
Y24=1.000000
Y25=0.000000
Y26=1.000000
Y27=-0.000000
Y28=-0.000000
Y29=0.000000
Y30=0.000000
Y31=1.000000
Y32=0.000000
Y33=0.000000
Y34=-0.000000
Y35=0.000000
Y36=-0.000000
Y37=1.000000
Y38=0.000000
Y39=-0.000000
Y40=1.000000
Y41=1.000000
Y42=-0.000000
Y43=0.000000
Y44=0.000000
Y45=0.000000
Y46=-0.000000
Y47=1.000000
Y48=-0.000000
Y49=0.000000
Y50=1.000000
Y51=0.000000
Y52=0.000000
Y53=0.000000
Y54=-0.000000
Y55=1.000000

tempo em segundos: 1.667505
